184.0116	6.4960
162.8128	0.0022
56.5735	0.0035
400.4023	0.0222
466.0035	15.8096
267.3182	23.8956
275.1167	0.0906
384.3448	170.8549
186.7044	0.1355
428.0875	90.6464
270.3179	0.0150
601.3301	5.5814
262.5264	0.0264
181.1279	46.3157
103.3583	0.0004
219.4207	0.0070
39.2915	1.6944
172.0146	0.0036
294.0497	8.9308
234.3384	28.8948
925.8092	0.0001
233.9181	0.0306
784.7376	0.0001
378.8569	121.1749
100.1353	1.1647
11.1826	0.0000
-6.6803	0.0009
-2.5374	0.0022
133.9010	1.6574
117.1718	10.6050
89.4990	0.0006
104.3052	0.0018
-6.5182	0.0013
1434.8542	21.2323
3040.5574	20.2214
1173.0086	0.4333
1276.6617	8.3089
3019.5090	2.3966
1444.5312	19.5955
1457.9437	0.0004
3028.8533	12.2792
1434.9770	17.1693
3083.9014	16.1352
1341.2281	47.7860
1455.1924	5.8872
1360.9774	0.3553
3075.0660	9.5076
1234.6289	0.0308
1348.5944	56.1813
1459.5143	0.1274
3051.7633	10.8593
1437.7203	0.0414
3149.1545	1.2862
1528.2997	43.9005
3617.7110	3.6504
515.6087	0.0580
219.0142	0.0288
30.1775	0.0050
1238.3101	51.9609
3729.3272	8.7141
1516.7153	1.0071
3525.0180	1.0689
234.7147	0.0722
104.4634	0.0028
100.5266	0.0008
-2.9130	0.0018
365.1984	0.0323
380.7840	0.0347
380.1366	4.3886
875.0124	0.0424
399.4503	0.0011
372.9447	0.0146
1260.2925	31.1472
234.3073	28.9813
1099.9863	0.0770
905.7544	0.0020
378.9234	120.8328
525.5416	0.0009
104.6981	0.0030
271.9370	2.2089
100.6229	0.8865
946.7987	62.4703
878.7259	0.1955
884.5730	29.6129
1009.1463	1.9687
1099.7716	0.1093
133.7603	1.8788
194.4402	0.0098
884.7368	29.3370
2.1516	0.0028
78.9395	0.0011
380.6597	0.0274
459.9001	0.1239
82.7973	0.0054
379.3436	0.1617
8.8383	0.0002
3039.9957	25.4259
1460.1819	0.0089
1348.6831	56.3524
3018.5900	2.3782
1276.7808	9.7256
1444.2065	0.0841
3028.1907	2.2196
1280.9868	0.2056
1455.9889	51.4620
1400.6806	0.0650
3082.7771	20.4940
1395.9384	0.0504
3076.6423	28.8416
1443.9951	3.0715
1340.5541	1.0919
681.6332	8.0207
1349.2759	0.8356
3053.1178	38.0760
1514.6727	11.2614
3148.4713	10.0138
290.0111	0.0008
1009.1809	1.3316
3610.2348	23.6613
1058.9480	508.7470
1397.1945	17.1015
47.0025	0.0120
3729.6783	266.3608
1490.7887	0.0317
3542.1624	0.0432
341.5183	0.0703
167.2161	0.0023
252.5876	0.0005
82.8780	0.0058
367.7122	0.0002
1058.9362	441.7371
1067.1557	0.0862
425.7526	1.2772
1098.7464	0.0034
384.3051	172.1754
1072.6705	245.1988
399.0702	0.1429
427.4330	0.1681
519.9160	11.8219
660.0370	25.3355
423.8840	0.0029
56.2738	0.0013
229.1016	0.0096
181.1888	45.6657
367.1986	0.0003
426.9448	0.0143
622.1792	83.8204
398.6196	81.6282
514.3477	7.5149
769.7699	90.2161
149.0150	11.9913
380.1686	4.8480
194.0360	0.0147
660.0978	25.3885
39.4501	4.7851
526.3130	0.0004
1059.9875	0.4672
341.3890	0.0555
29.4863	0.0036
3040.4943	57.2052
1360.8567	0.2638
1096.1627	64.3974
3019.5687	2.8847
1277.6352	89.9888
1445.0905	3.1820
3028.9377	5.3501
1255.7270	0.0139
1444.0289	0.6643
1361.2169	6.2268
3083.7545	93.3132
1444.3176	0.8956
3076.4113	13.8923
1379.5191	0.1257
1379.8258	0.0785
582.0307	0.0003
1260.1101	45.6335
3051.5179	15.6301
3150.4355	5.3780
1518.7210	0.0181
1395.0169	0.8097
564.5711	66.7059
3617.3510	141.2460
1066.3360	0.0132
1049.4986	0.2999
74.6725	1.4989
3729.2941	17.3918
3485.1741	11.9060
1541.8041	63.6441
89.2413	0.0002
1069.9528	868.2367
291.2896	0.0011
47.8431	0.0092
460.6263	0.0950
946.8081	62.6423
1099.8004	0.1198
1051.0451	144.2587
1235.2755	0.0104
897.9087	0.0010
466.0237	15.8379
1230.1972	0.0359
1014.4008	0.0148
1045.5803	0.1848
1039.3023	0.0028
586.3488	0.0015
340.8901	0.0113
84.4290	0.0687
391.0455	10.1301
1015.4645	0.3953
608.3014	410.4373
601.3522	5.4557
784.9551	0.0000
585.5087	0.0005
683.4678	1.0866
1005.7481	196.2073
567.0632	0.0109
66.6915	0.0037
267.2810	23.9511
-5.2157	0.0041
616.7973	213.5575
604.7366	0.3545
604.7294	0.3656
28.8698	0.0107
1444.5956	17.8204
3039.9042	91.8917
1279.5167	0.5394
1231.6180	0.1019
3018.6346	3.1549
1360.8090	0.0382
1351.0326	0.0178
3028.3167	0.0601
1360.8508	0.2433
3082.7556	26.5445
1459.5485	0.0824
1381.8691	25.6346
1341.0929	47.5330
3075.1874	6.1994
1442.5556	14.7205
1238.3752	51.6687
1282.0477	48.3779
3052.7245	31.0354
3148.6326	6.2694
1516.7583	1.0433
1380.6778	0.0104
3612.0569	1164.5852
1457.7337	0.0237
1008.6369	1.2493
1257.2097	0.2861
327.3517	4.1131
3729.5481	22.7352
3537.5137	0.3958
1476.3921	0.0037
84.3961	0.0746
428.0717	91.0759
174.3765	0.0119
259.6331	0.0832
1060.3610	1.1675
1015.5309	0.3835
1012.2655	77.0152
1110.5679	0.0231
1067.1366	0.3204
1068.4773	0.7545
1098.2996	0.0037
1148.8051	0.0808
1059.2243	880.5973
1150.3296	1.3585
620.2700	0.8552
569.8454	0.5385
582.3517	0.0004
163.1410	0.0000
569.8735	0.5143
1151.3542	20.9984
685.0950	1.4021
1008.1392	50.3564
1069.8552	877.3172
1038.6759	0.0055
1034.7611	31.3217
1011.7639	70.2888
327.1523	42.8425
66.2863	0.0063
39.0641	3.8474
504.2133	0.0024
774.1066	7.9236
646.0448	0.0617
1045.6288	0.1489
42.9085	0.3540
1361.2389	6.6475
3040.4595	62.6302
1274.5764	0.0330
1342.9232	0.0009
3019.4958	2.5952
1396.9149	30.5506
1343.3426	1.5222
3028.1877	2.2789
1438.6319	0.0032
3083.7899	105.6793
1380.8870	0.0048
1443.9312	1.4586
1349.6166	0.1907
3074.9365	10.8455
1441.3051	20.9088
1350.5468	0.1311
1361.5121	86.0427
3051.4599	17.8353
1431.6861	0.2065
3150.5146	4.7075
1516.2781	3.3069
3617.3346	143.8306
1257.0913	0.1571
610.3712	0.0066
100.1998	1.1627
1259.5506	0.1577
3729.3437	5.2425
1491.8637	0.0196
3524.1342	0.0892
235.2085	23.0904
327.0868	43.2399
1068.9542	2.2031
189.3534	0.1416
1096.1744	64.2832
1058.4258	0.9895
611.9784	3.4918
1110.5963	0.0247
1174.6257	0.0529
611.9884	3.4027
1124.6063	14.1971
1012.2875	77.9178
1059.2479	980.1067
616.7859	213.6902
1260.0939	45.7443
1015.1393	0.6757
246.7321	0.0315
290.6388	0.0951
650.3791	0.0111
1174.0787	0.5566
655.7548	0.0008
1115.0391	0.0011
607.4554	31.0101
1151.8937	257.5070
797.4083	0.0043
330.6875	0.0071
885.2800	37.1071
260.6924	0.0003
68.4800	0.0029
464.2153	0.0013
1009.7587	0.0225
365.1106	0.0304
687.9578	0.8562
28.8807	0.0143
3039.9226	68.1961
1456.0161	51.6974
1280.0002	0.0948
3018.6797	3.1756
1350.5317	0.2282
1438.5012	0.0170
3028.8711	11.5160
1441.2466	19.7022
1402.1707	113.1841
1382.4292	92.4623
3082.7169	25.8577
1437.8839	0.2369
3076.7651	11.4038
1433.0349	0.1846
1398.8723	0.2270
662.1734	50.8318
1279.6471	2.7818
3052.9445	56.4562
1520.6899	0.0349
3148.5156	8.0817
1437.7292	0.0390
1124.2273	99.2854
3613.4972	0.1659
1142.5711	0.0236
1272.5864	0.0341
519.9022	11.7789
3729.6231	44.9523
1471.8353	0.0100
3538.1004	0.5090
397.8136	0.9205
294.0111	8.9737
399.9281	2.8521
259.9746	0.0005
1272.4505	0.0504
774.1300	7.8729
878.6623	0.1660
883.0254	0.1869
1136.2742	0.0001
656.1696	0.0049
1135.9852	0.0016
804.1062	0.0006
1123.4565	187.4883
1095.0026	276.8601
1151.7914	259.4470
691.5096	0.2996
259.6067	0.0953
464.5031	11.1103
612.1757	0.0020
1125.0477	0.1787
1034.7150	31.0107
1117.9794	159.1070
1259.0900	0.0113
1009.3483	0.0903
1015.3154	0.0395
399.8802	2.0099
1033.2897	141.3655
189.4021	0.1108
460.6028	0.1055
246.7812	0.0196
905.7458	0.0015
650.3093	0.0089
398.5698	80.7699
72.9895	0.0057
3040.4390	3.6809
1396.9626	21.1360
1279.7067	1.8327
3019.5729	3.5490
1343.8031	0.4502
1398.8383	0.3484
3028.7520	0.2196
1379.8681	0.0705
1394.4605	0.0477
1434.8371	146.4425
3083.6953	13.8921
1396.6710	1.9909
3074.8982	7.8771
1348.7899	54.5564
1395.2327	0.4092
1398.3246	0.0079
1360.9509	0.5509
3051.6108	14.3382
3150.3508	4.7008
1508.7687	94.9927
1400.3015	0.0964
682.4395	9.3668
3616.7576	0.5393
1131.0208	0.1263
1271.9924	0.1177
332.0232	0.0015
3729.2385	23.6290
3502.9936	2328.9505
1527.7764	39.5268
463.1189	0.0014
1008.1171	51.6746
275.1802	0.0709
167.0918	0.0106
1142.5813	0.0290
1172.8432	2.7478
882.3739	0.0231
1123.4433	186.3766
1153.7772	0.2028
1125.1003	0.1906
1171.7634	58.4581
1132.9840	25.1768
1133.0168	25.2263
1125.3710	0.0550
1153.1266	1.3336
1108.0209	0.1408
425.7715	1.6024
557.1513	0.0720
689.5509	0.0824
1125.3055	0.0056
1174.0442	0.5348
1153.5256	6.6436
1153.5863	4.3549
926.1120	0.0001
1118.1102	11.8307
797.4377	0.0049
429.4574	6.5853
149.6080	12.2466
385.9781	2.2784
173.6815	0.0085
1118.1359	15.0786
956.3728	2.3971
697.1675	762.4441
133.5435	3.5655
1434.9678	16.9989
3039.8754	26.4321
1283.5464	47.8725
1171.8741	513.1083
3018.6371	2.3241
1435.2809	0.0556
1171.9776	461.4121
3028.0906	0.6612
1381.8533	25.8130
3082.9100	18.6497
1402.1067	119.0529
1402.4374	20.9321
1342.1741	1.1822
3076.5505	28.9203
1433.1209	0.2012
1231.5437	0.1674
1281.9160	48.2417
3053.2984	80.2726
3148.9651	10.2897
1509.3570	91.7782
1274.2990	0.0033
3612.1018	1168.0320
1343.4045	1.2906
1115.0755	0.0051
1240.1615	34.2849
515.6379	0.0548
3729.6008	37.2569
3504.2318	2328.4259
1476.9510	0.0312
564.5787	66.9000
